9.677369 6.865173 -16.857782
11.819463 7.561850 -8.221472
10.638497 7.542032 3.154605
20.923616 7.245337 -18.295031
22.576845 8.880557 -5.990625
20.442583 7.705999 3.258157
29.554010 6.663248 -20.299433
31.412066 6.415255 -7.963188
30.376223 7.329245 3.290283
11.220868 16.691259 -16.491358
10.539731 17.186384 -5.248916
10.544221 17.691626 3.340636
20.405855 18.220427 -17.190592
21.378366 18.729795 -5.887130
20.888872 18.171194 2.100440
31.259760 16.136862 -17.949266
30.062571 16.955587 -7.876310
31.155573 17.808035 2.600869
9.744462 28.725256 -17.511339
9.966523 27.410055 -4.622820
10.812715 27.682547 2.792085
20.457399 26.309355 -16.867525
20.635431 26.893576 -7.080221
20.367105 28.228514 1.123267
32.938126 27.400091 -17.022440
30.507730 28.298285 -5.360471
31.440432 28.748487 2.624593
10.086987 37.429420 -13.449526
13.334264 39.353706 -6.961351
11.881322 36.656075 1.573595
21.464106 36.832497 -15.665972
19.451265 35.409142 -7.198442
20.280954 36.174400 3.705756
31.349451 39.694206 -18.692430
29.785677 37.507866 -5.112939
31.048441 37.859718 4.462695
11.514829 46.963036 -15.410677
10.651765 47.938057 -4.916126
11.416348 46.365730 3.850498
22.626245 46.616371 -15.842471
21.251429 48.530907 -6.940807
21.170313 47.700737 4.432149
31.862635 47.504433 -17.465128
31.730555 46.898689 -6.782461
30.265963 47.208061 3.793316
