10.336961 7.394948 -16.654936
10.872484 7.569117 -6.995858
10.577243 7.564162 3.348161
20.648523 7.489988 -17.014248
21.061831 7.898794 -6.438146
20.528265 7.605154 3.374049
30.306122 7.344466 -17.515348
30.770636 7.282468 -6.931287
30.511675 7.510965 3.382081
10.722836 17.351469 -16.563330
10.552551 17.475250 -6.252719
10.553674 17.601561 3.394669
20.519083 17.733761 -16.738138
20.762211 17.861103 -6.412272
20.639837 17.721453 3.084620
30.732559 17.212870 -16.927807
30.433262 17.417551 -6.909567
30.706512 17.630663 3.209727
10.353734 27.859968 -16.818325
10.409249 27.531168 -6.096195
10.620797 27.599291 3.257531
20.531969 27.255993 -16.657372
20.576477 27.402048 -6.710545
20.509396 27.735783 2.840327
31.152151 27.528677 -16.696100
30.544552 27.753225 -6.280608
30.777727 27.865776 3.215658
10.439365 37.536011 -15.802872
11.251184 38.017082 -6.680828
10.887949 37.342674 2.952909
20.783646 37.386780 -16.356983
20.280436 37.030941 -6.740100
20.487858 37.222256 3.485949
30.754982 38.102207 -17.113598
30.364038 37.555622 -6.218725
30.679729 37.643585 3.675184
10.796326 47.419415 -16.293159
10.580560 47.663170 -6.169521
10.771706 47.270088 3.522135
21.074181 47.332748 -16.401108
20.730476 47.811382 -6.675692
20.710197 47.603840 3.667547
30.883278 47.554764 -16.806772
30.850258 47.403328 -6.636105
30.484110 47.480671 3.507839
