10.556825 7.571539 -16.587320
10.556825 7.571539 -6.587320
10.556825 7.571539 3.412680
20.556826 7.571539 -16.587320
20.556826 7.571539 -6.587320
20.556826 7.571539 3.412680
30.556826 7.571539 -16.587320
30.556826 7.571539 -6.587320
30.556826 7.571539 3.412680
10.556825 17.571539 -16.587320
10.556825 17.571539 -6.587320
10.556825 17.571539 3.412680
20.556826 17.571539 -16.587320
20.556826 17.571539 -6.587320
20.556826 17.571539 3.412680
30.556826 17.571539 -16.587320
30.556826 17.571539 -6.587320
30.556826 17.571539 3.412680
10.556825 27.571539 -16.587320
10.556825 27.571539 -6.587320
10.556825 27.571539 3.412680
20.556826 27.571539 -16.587320
20.556826 27.571539 -6.587320
20.556826 27.571539 3.412680
30.556826 27.571539 -16.587320
30.556826 27.571539 -6.587320
30.556826 27.571539 3.412680
10.556825 37.571541 -16.587320
10.556825 37.571541 -6.587320
10.556825 37.571541 3.412680
20.556826 37.571541 -16.587320
20.556826 37.571541 -6.587320
20.556826 37.571541 3.412680
30.556826 37.571541 -16.587320
30.556826 37.571541 -6.587320
30.556826 37.571541 3.412680
10.556825 47.571541 -16.587320
10.556825 47.571541 -6.587320
10.556825 47.571541 3.412680
20.556826 47.571541 -16.587320
20.556826 47.571541 -6.587320
20.556826 47.571541 3.412680
30.556826 47.571541 -16.587320
30.556826 47.571541 -6.587320
30.556826 47.571541 3.412680
