9.897233 7.041765 -16.790167
11.503803 7.564272 -7.812934
10.618079 7.549409 3.219124
20.831919 7.326887 -17.868103
22.071840 8.553303 -6.139799
20.471144 7.672384 3.296788
29.804714 6.890321 -19.371405
31.198256 6.704326 -7.619221
30.421373 7.389818 3.320883
11.054857 16.911329 -16.515348
10.544004 17.282673 -5.583517
10.547372 17.661604 3.358647
20.443598 18.058205 -17.039774
21.172981 18.440231 -6.062178
20.805861 18.021280 2.428500
31.084026 16.495531 -17.608780
30.186134 17.109575 -7.554062
31.005886 17.748911 2.803822
9.947553 28.436827 -17.280334
10.114099 27.450426 -5.113945
10.748742 27.654795 2.947234
20.482256 26.624901 -16.797474
20.615780 27.063066 -6.956995
20.414536 28.064270 1.695620
32.342800 27.442953 -16.913660
30.520004 28.116598 -5.667183
31.219530 28.454250 2.821615
10.204447 37.464951 -14.233974
12.639904 38.908165 -6.867843
11.550198 36.884941 2.033366
21.237286 37.017258 -15.896309
19.727655 35.949741 -7.045661
20.349922 36.523685 3.632487
31.151295 39.163540 -18.166153
29.978464 37.523785 -5.481534
30.925537 37.787674 4.200191
11.275328 47.115162 -15.704838
10.628030 47.846428 -5.333924
11.201468 46.667183 3.741044
22.108891 46.855164 -16.028683
21.077778 48.291065 -6.852435
21.016941 47.668438 4.177282
31.536182 47.521210 -17.245676
31.437122 47.066902 -6.733675
30.338678 47.298931 3.698157
