-2.198640 -1.765914 -0.676164
3.156596 -0.024221 -4.085381
0.204182 -0.073765 -0.645187
0.916974 -0.815505 -4.269269
5.050051 3.272546 1.491738
-0.285602 0.336151 -0.386308
-2.507039 -2.270730 -9.280276
2.138092 -2.890709 -3.439669
-0.451516 -0.605737 -0.305992
1.660108 -2.200705 0.239910
-0.042733 -0.962894 3.346009
-0.031505 0.300220 -0.180111
-0.377421 1.622218 -1.508183
2.053853 2.895640 1.750474
0.830123 1.499140 -3.280599
1.757340 -3.586691 -3.404857
-1.235637 -1.539881 -3.222473
1.496863 0.591239 -2.029527
-2.030902 2.884290 -2.310053
-1.475755 -0.403706 4.911249
0.639726 0.277525 -1.551486
-0.248562 -3.155464 -0.700507
0.196511 -1.694899 -1.232251
-0.474301 1.642441 -5.723532
5.953251 -0.428623 -1.087795
-0.122730 1.816866 3.067122
2.209012 2.942368 -1.970218
-1.174593 -0.355283 7.844490
6.943599 4.455433 -0.935078
3.311247 -2.288656 -4.597712
2.268208 -1.847593 2.303370
-2.763893 -5.406000 -1.527805
-0.689669 -3.492835 0.732692
1.981572 5.306671 -5.262767
-1.927877 -0.159175 3.685952
1.229041 0.720456 2.625038
2.395014 -1.521245 2.941608
0.237353 0.916300 4.177987
2.148810 -3.014514 1.094546
5.173550 -2.387922 1.862117
1.736502 2.398404 -0.883716
1.533723 0.322983 2.548673
3.264514 -0.167765 -2.194519
2.934328 -1.682129 -0.487852
-0.727157 -0.908714 0.951590
