9.457505 6.688582 -16.925398
12.135122 7.559427 -8.630010
10.658916 7.534656 3.090086
21.015314 7.163786 -18.721958
23.081850 9.207811 -5.841451
20.414022 7.739614 3.219526
29.303307 6.436175 -21.227461
31.625875 6.126184 -8.307155
30.331072 7.268671 3.259684
11.386879 16.471189 -16.467367
10.535458 17.090096 -4.914315
10.541070 17.721647 3.322624
20.368113 18.382648 -17.341410
21.583752 19.019360 -5.712083
20.971884 18.321108 1.772380
31.435493 15.778193 -18.289753
29.939007 16.801600 -8.198557
31.305260 17.867159 2.397916
9.541371 29.013685 -17.742344
9.818948 27.369684 -4.131695
10.876687 27.710299 2.636936
20.432543 25.993809 -16.937576
20.655083 26.724085 -7.203446
20.319675 28.392757 0.550914
33.533451 27.357229 -17.131220
30.495457 28.479971 -5.053759
31.661333 29.042725 2.427571
9.969528 37.393890 -12.665077
14.028624 39.799248 -7.054859
12.212446 36.427208 1.113824
21.690926 36.647736 -15.435635
19.174875 34.868542 -7.351223
20.211987 35.825115 3.779026
31.547607 40.224873 -19.218708
29.592890 37.491947 -4.744344
31.171345 37.931763 4.725199
11.754330 46.810909 -15.116516
10.675500 48.029686 -4.498327
11.631229 46.064278 3.959953
23.143600 46.377579 -15.656260
21.425079 48.770748 -7.029179
21.323685 47.733036 4.687016
32.189087 47.487656 -17.684580
32.023987 46.730476 -6.831246
30.193247 47.117191 3.888475
