10.117097 7.218356 -16.722551
11.188144 7.566694 -7.404396
10.597661 7.556786 3.283643
20.740221 7.408438 -17.441175
21.566835 8.226048 -6.288972
20.499704 7.638769 3.335418
30.055418 7.117393 -18.443377
30.984446 6.993397 -7.275254
30.466524 7.450392 3.351482
10.888846 17.131399 -16.539339
10.548278 17.378962 -5.918118
10.550523 17.631582 3.376658
20.481340 17.895983 -16.888956
20.967596 18.150667 -6.237225
20.722849 17.871367 2.756560
30.908293 16.854200 -17.268293
30.309698 17.263563 -7.231815
30.856199 17.689787 3.006774
10.150643 28.148397 -17.049330
10.261674 27.490797 -5.605070
10.684770 27.627043 3.102382
20.507113 26.940447 -16.727423
20.596128 27.232557 -6.833770
20.461966 27.900026 2.267973
31.747477 27.485815 -16.804880
30.532278 27.934912 -5.973896
30.998629 28.160013 3.018636
10.321906 37.500481 -15.018423
11.945544 38.462624 -6.774335
11.219073 37.113808 2.493138
21.010466 37.202019 -16.126646
20.004045 36.490341 -6.892881
20.418890 36.872971 3.559218
30.953138 38.632874 -17.639875
30.171251 37.539703 -5.850130
30.802633 37.715630 3.937688
11.035827 47.267288 -15.998999
10.604295 47.754799 -5.751723
10.986587 46.968636 3.631589
21.591536 47.093956 -16.214895
20.904127 48.051224 -6.764063
20.863569 47.636139 3.922415
31.209730 47.537987 -17.026224
31.143690 47.235115 -6.684890
30.411394 47.389801 3.602998
