10.556825 7.571539 -16.587320
10.556825 7.571539 -6.587320
10.556825 7.571539 3.412680
20.556825 7.571539 -16.587320
20.556825 7.571539 -6.587320
20.556825 7.571539 3.412680
30.556825 7.571539 -16.587320
30.556825 7.571539 -6.587320
30.556825 7.571539 3.412680
10.556825 17.571539 -16.587320
10.556825 17.571539 -6.587320
10.556825 17.571539 3.412680
20.556825 17.571539 -16.587320
20.556825 17.571539 -6.587320
20.556825 17.571539 3.412680
30.556825 17.571539 -16.587320
30.556825 17.571539 -6.587320
30.556825 17.571539 3.412680
10.556825 27.571539 -16.587320
10.556825 27.571539 -6.587320
10.556825 27.571539 3.412680
20.556825 27.571539 -16.587320
20.556825 27.571539 -6.587320
20.556825 27.571539 3.412680
30.556825 27.571539 -16.587320
30.556825 27.571539 -6.587320
30.556825 27.571539 3.412680
10.556825 37.571539 -16.587320
10.556825 37.571539 -6.587320
10.556825 37.571539 3.412680
20.556825 37.571539 -16.587320
20.556825 37.571539 -6.587320
20.556825 37.571539 3.412680
30.556825 37.571539 -16.587320
30.556825 37.571539 -6.587320
30.556825 37.571539 3.412680
10.556825 47.571539 -16.587320
10.556825 47.571539 -6.587320
10.556825 47.571539 3.412680
20.556825 47.571539 -16.587320
20.556825 47.571539 -6.587320
20.556825 47.571539 3.412680
30.556825 47.571539 -16.587320
30.556825 47.571539 -6.587320
30.556825 47.571539 3.412680
