1 45 3

-2.198640070397856 -1.7659144155780429 -0.6761635867785244 
3.156596056293925 -0.0242212419670018 -4.085381267918871 
0.2041819633999776 -0.07376453525318062 -0.6451869901976806 
0.9169744211219457 -0.8155054341846997 -4.269268854093624 
5.0500506135277545 3.272545640617924 1.4917375623120088 
-0.28560158007089886 0.3361514388801672 -0.3863082929722039 
-2.5070390422253364 -2.270729546318047 -9.28027643021272 
2.1380916986117775 -2.8907093236860284 -3.4396693033925416 
-0.4515161358747066 -0.605737188815786 -0.305991693845534 
1.6601081961635675 -2.2007045774286507 0.2399095300034767 
-0.04273270954020186 -0.9628937395100433 3.3460085953018375 
-0.031504912395421504 0.3002200341481305 -0.18011053478736966 
-0.3774205737071397 1.6222178175037703 -1.5081825638207298 
2.053852736308138 2.8956397880014335 1.7504743122891149 
0.8301235064792502 1.4991401228904313 -3.280598584478987 
1.7573404427263497 -3.586691345354371 -3.404856916078006 
-1.2356368887871962 -1.5398813520635386 -3.2224729156777916 
1.496863315814567 0.5912386366989595 -2.029527476223476 
-2.030902462680523 2.884289882784329 -2.3100533550742597 
-1.4757545901698976 -0.4037057582229731 4.911248631425422 
0.6397263127707608 0.27752497586703995 -1.5514864363134198 
-0.24856239836607213 -3.15546364161919 -0.7005072371419067 
0.1965109270538208 -1.694899001219238 -1.2322509324817295 
-0.4743014465989657 1.6424411742262628 -5.7235320522237485 
5.95325096687818 -0.4286231791561424 -1.087795249441925 
-0.12272991316059897 1.8168661761819669 3.0671222006244867 
2.2090123531092267 2.942367612879232 -1.970217851791953 
-1.1745929885131305 -0.35528345090181884 7.844489340765451 
6.9435985962545805 4.455432807582404 -0.9350775611921586 
3.3112473976772385 -2.2886558384768914 -4.597711634684491 
2.26820815258505 -1.8475929195714857 2.303370356312468 
-2.7638932872062263 -5.406000262553097 -1.5278053467546602 
-0.6896692550157314 -3.492834911761701 0.7326919184595059 
1.9815719885836982 5.306671235115877 -5.262767340863768 
-1.9278766365285134 -0.1591749094506281 3.685951631287431 
1.2290406767847264 0.7204559729067803 2.6250376348139346 
2.395013523326967 -1.5212445204697203 2.941607994260327 
0.2373534658878619 0.9163004315741597 4.177986845659564 
2.148810233069414 -3.0145137647549545 1.0945461006424733 
5.173549605950217 -2.387921959193837 1.862117075249193 
1.7365020762759675 2.398404301205145 -0.8837161762050983 
1.5337231006440157 0.32298309278511 2.548672938326749 
3.2645145611854582 -0.1677653289825404 -2.194519334690078 
2.934328211495035 -1.682128888176884 -0.4878519822524635 
-0.7271568513581226 -0.9087136016012826 0.951589908113102 
